0.4426
0.4321
0.3799
0.3434
0.3242
0.2728
0.1951
0.1182
0.0794
0.0641
0.0723
0.0741
0.0739
0.0768
0.0892
0.1093
0.1311
0.1428
0.1360
0.1341
0.1450
0.1701
0.1826
0.1746
0.1465
0.1176
0.0822
0.0458
0.0030
-0.0580
-0.1112
-0.1518
-0.1738
-0.1842
-0.1984
-0.2317
-0.2589
-0.2621
-0.2864
-0.3213
-0.3432
-0.3817
-0.4430
-0.4642
-0.4629
-0.4873
-0.5028
-0.5231
-0.5508
-0.5484
-0.5330
-0.5384
-0.5342
-0.5239
-0.4519
-0.2204
-0.0045
0.0310
0.0447
0.1683
0.3049
0.3543
0.2920
0.1939
0.1845
0.2296
0.2087
0.1660
0.1519
0.1636
0.1168
0.0052
-0.0513
-0.0422
-0.0593
-0.1372
-0.2002
-0.1435
-0.0208
0.0864
0.1451
0.1783
0.2422
0.3262
0.3781
0.3726
0.3509
0.3481
0.3417
0.3227
0.3179
0.3409
0.3416
0.2894
0.2296
0.2062
0.1862
0.1341
0.0601
0.0196
0.0251
0.0445
0.0648
0.0947
0.1258
0.1427
0.1653
0.1854
0.2027
0.2062
0.1891
0.1695
0.1724
0.1853
0.1759
0.1441
0.1068
0.0799
0.0493
0.0106
-0.0306
-0.0674
-0.1056
-0.1379
-0.1440
-0.1505
-0.1680
-0.1965
-0.2117
-0.2238
-0.2341
-0.2554
-0.2841
-0.3044
-0.3249
-0.3481
-0.3635
-0.3925
-0.4274
-0.4487
-0.4739
-0.4996
-0.5168
-0.5212
-0.5341
-0.5461
-0.5384
-0.5040
-0.3615
-0.0744
0.1028
0.0558
0.0637
0.2447
0.3831
0.3667
0.2223
0.1184
0.1620
0.2178
0.1836
0.1166
0.0887
0.1026
0.0358
-0.1006
-0.1238
-0.0591
-0.0868
-0.1967
-0.1930
-0.0409
0.1136
0.2102
0.2430
0.2654
0.3403
0.4285
0.4361
0.3710
0.3254
0.3188
0.2868
0.2534
0.2567
0.2619
0.2210
0.1568
0.1300
0.1321
0.1162
0.0606
0.0115
0.0114
0.0612
0.1122
0.1448
0.1712
0.2028
0.2336
0.2450
0.2469
0.2409
0.2147
0.1701
0.1487
0.1523
0.1509
0.1304
0.0787
0.0436
0.0280
0.0072
-0.0281
-0.0570
-0.0831
-0.1133
-0.1247
-0.1211
-0.1270
-0.1537
-0.1798
-0.2062
-0.2159
-0.2219
-0.2428
-0.2902
-0.3048
-0.3220
-0.3552
-0.3828
-0.4021
-0.4458
-0.4917
-0.5179
-0.5400
-0.5469
-0.5536
-0.5646
-0.5492
-0.4978
-0.2813
0.0410
0.1624
0.1132
0.1779
0.3320
0.4066
0.3662
0.2080
0.0934
0.1223
0.1691
0.1196
0.0353
0.0316
0.0533
-0.0538
-0.1835
-0.1556
-0.0789
-0.1220
-0.1952
-0.1409
0.0193
0.1938
0.3143
0.3390
0.3550
0.4254
0.4846
0.4426
0.3588
0.3081
0.2620
0.1939
0.1537
0.1604
0.1649
0.1215
0.0511
0.0348
0.0799
0.0999
0.0486
0.0072
0.0466
0.1098
0.1621
0.2042
0.2387
0.2567
0.2704
0.2660
0.2537
0.2387
0.1967
0.1292
0.0937
0.1019
0.1180
0.1018
0.0529
0.0324
0.0347
0.0228
0.0017
-0.0126
-0.0380
-0.0735
-0.0938
-0.0911
-0.0925
-0.1216
-0.1722
-0.1996
-0.1976
-0.2083
-0.2331
-0.2705
-0.3163
-0.3342
-0.3247
-0.3398
-0.3695
-0.4078
-0.4540
-0.4729
-0.4728
-0.4951
-0.5096
-0.5277
-0.5543
-0.5134
-0.4108
-0.1894
0.0794
0.1584
0.1250
0.2077
0.3473
0.4066
0.3175
0.1332
0.0384
0.0876
0.1189
0.0681
0.0004
0.0056
0.0142
-0.0772
-0.1510
-0.1119
-0.0574
-0.1030
-0.1482
-0.0769
0.0950
0.2668
0.3524
0.3538
0.3698
0.4384
0.4610
0.3945
0.2965
0.2309
0.1692
0.1123
0.0892
0.0975
0.1073
0.0811
0.0394
0.0478
0.1141
0.1316
0.0840
0.0641
0.1030
0.1598
0.2135
0.2459
0.2592
0.2625
0.2566
0.2404
0.2142
0.1850
0.1380
0.0818
0.0467
0.0674
0.1016
0.0878
0.0494
0.0383
0.0427
0.0330
0.0115
-0.0127
-0.0472
-0.0813
-0.1026
-0.1056
-0.1158
-0.1541
-0.1982
-0.2200
-0.2251
-0.2269
-0.2424
-0.2908
-0.3318
-0.3274
-0.3387
-0.3640
-0.3805
-0.4152
-0.4458
-0.4467
-0.4591
-0.4709
-0.4645
-0.4749
-0.4789
-0.4330
-0.3506
-0.1520
0.0872
0.1666
0.1677
0.2291
0.3155
0.3460
0.2726
0.1251
0.0386
0.0467
0.0605
0.0314
-0.0179
-0.0114
0.0027
-0.0689
-0.1293
-0.0961
-0.0421
-0.0576
-0.0760
-0.0110
0.1223
0.2712
0.3589
0.3685
0.3702
0.4022
0.4057
0.3381
0.2390
0.1772
0.1241
0.0668
0.0400
0.0581
0.0780
0.0713
0.0656
0.0813
0.1300
0.1517
0.1363
0.1209
0.1428
0.1864
0.2274
0.2473
0.2603
0.2571
0.2339
0.2018
0.1657
0.1295
0.0911
0.0475
0.0246
0.0462
0.0787
0.0820
0.0699
0.0631
0.0507
0.0373
0.0135
-0.0185
-0.0578
-0.0889
-0.1120
-0.1231
-0.1443
-0.1709
-0.1987
-0.2140
-0.2267
-0.2459
-0.2633
-0.2834
-0.3239
-0.3464
-0.3511
-0.3775
-0.4096
-0.4187
-0.4194
-0.4504
-0.4549
-0.4382
-0.4434
-0.4507
-0.4135
-0.3544
-0.2419
-0.0058
0.1530
0.1489
0.1807
0.2944
0.3294
0.2618
0.1618
0.0757
0.0423
0.0377
0.0168
-0.0341
-0.0423
0.0038
-0.0292
-0.1239
-0.1119
-0.0362
-0.0309
-0.0609
-0.0139
0.1035
0.2308
0.3285
0.3673
0.3754
0.3966
0.4027
0.3392
0.2512
0.1961
0.1509
0.0810
0.0335
0.0373
0.0629
0.0698
0.0733
0.0946
0.1311
0.1560
0.1504
0.1415
0.1600
0.1911
0.2162
0.2363
0.2512
0.2567
0.2373
0.1995
0.1617
0.1286
0.0960
0.0603
0.0431
0.0454
0.0651
0.0800
0.0813
0.0752
0.0702
0.0480
0.0117
-0.0231
-0.0556
-0.0854
-0.1176
-0.1419
-0.1622
-0.1848
-0.2110
-0.2243
-0.2420
-0.2585
-0.2736
-0.2995
-0.3208
-0.3346
-0.3524
-0.3765
-0.4034
-0.4374
-0.4496
-0.4451
-0.4487
-0.4590
-0.4550
-0.4387
-0.3938
-0.3201
-0.1833
0.0262
0.1512
0.1444
0.1703
0.2588
0.3063
0.2626
0.1459
0.0537
0.0551
0.0746
0.0348
-0.0351
-0.0423
-0.0116
-0.0529
-0.1252
-0.1135
-0.0413
-0.0268
-0.0453
-0.0026
0.1226
0.2625
0.3372
0.3408
0.3405
0.3695
0.3779
0.3165
0.2351
0.1876
0.1476
0.0903
0.0546
0.0543
0.0739
0.0748
0.0583
0.0695
0.1187
0.1567
0.1531
0.1474
0.1724
0.2109
0.2342
0.2427
0.2459
0.2459
0.2199
0.1830
0.1504
0.1265
0.0980
0.0646
0.0413
0.0444
0.0620
0.0701
0.0608
0.0480
0.0465
0.0266
-0.0042
-0.0301
-0.0529
-0.0846
-0.1219
-0.1476
-0.1722
-0.1959
-0.2226
-0.2355
-0.2505
-0.2740
-0.2824
-0.3105
-0.3483
-0.3476
-0.3589
-0.4223
-0.4357
-0.4123
-0.4209
-0.4509
-0.4481
-0.4336
-0.4308
-0.4016
-0.3503
-0.2827
-0.1033
0.1062
0.1448
0.1342
0.2308
0.3087
0.2664
0.1725
0.1002
0.0665
0.0591
0.0426
-0.0132
-0.0390
0.0026
0.0015
-0.0883
-0.1231
-0.0602
-0.0282
-0.0629
-0.0407
0.0650
0.1829
0.2737
0.3257
0.3409
0.3685
0.3834
0.3424
0.2596
0.2141
0.1848
0.1293
0.0722
0.0656
0.0984
0.1078
0.0900
0.0895
0.1212
0.1407
0.1390
0.1408
0.1542
0.1763
0.2118
0.2248
0.2346
0.2569
0.2443
0.1951
0.1574
0.1463
0.1207
0.0804
0.0597
0.0587
0.0644
0.0706
0.0667
0.0508
0.0351
0.0122
-0.0184
-0.0436
-0.0585
-0.0807
-0.1212
-0.1475
-0.1624
-0.1861
-0.2033
-0.2187
-0.2518
-0.2835
-0.3078
-0.3216
-0.3519
-0.3688
-0.3579
-0.3881
-0.4199
-0.4197
-0.4256
-0.4494
-0.4453
-0.4328
-0.4342
-0.4171
-0.3661
-0.2846
-0.0940
0.1123
0.1472
0.1309
0.2141
0.3067
0.2861
0.1758
0.0888
0.0717
0.0913
0.0680
0.0038
-0.0083
0.0382
0.0215
-0.0948
-0.1362
-0.0612
-0.0301
-0.0908
-0.0786
0.0398
0.1792
0.2703
0.3026
0.3184
0.3618
0.3879
0.3329
0.2603
0.2338
0.2137
0.1517
0.0914
0.0951
0.1468
0.1517
0.1051
0.0967
0.1381
0.1441
0.1274
0.1237
0.1357
0.1767
0.2026
0.2115
0.2389
0.2636
0.2391
0.1868
0.1614
0.1523
0.1328
0.0949
0.0674
0.0673
0.0847
0.0782
0.0544
0.0367
0.0236
-0.0135
-0.0527
-0.0655
-0.0718
-0.1024
-0.1488
-0.1718
-0.1866
-0.2046
-0.2291
-0.2543
-0.2768
-0.3031
-0.3266
-0.3395
-0.3646
-0.3957
-0.4061
-0.4301
-0.4434
-0.4301
-0.4465
-0.4570
-0.4412
-0.4336
-0.4081
-0.3549
-0.2852
-0.1233
0.0764
0.1301
0.1109
0.1685
0.2388
0.2495
0.1946
0.1060
0.0760
0.1003
0.0961
0.0473
0.0113
0.0374
0.0311
-0.0637
-0.1306
-0.0802
-0.0331
-0.0649
-0.0636
0.0218
0.1382
0.2341
0.2784
0.2868
0.3147
0.3477
0.3271
0.2645
0.2443
0.2422
0.1992
0.1465
0.1319
0.1729
0.1879
0.1409
0.1166
0.1331
0.1391
0.1261
0.1177
0.1237
0.1496
0.1742
0.1930
0.2148
0.2386
0.2254
0.1840
0.1621
0.1521
0.1447
0.1196
0.0936
0.0921
0.0986
0.0891
0.0661
0.0422
0.0174
-0.0209
-0.0607
-0.0768
-0.0875
-0.1145
-0.1569
-0.1847
-0.1974
-0.2113
-0.2403
-0.2668
-0.2940
-0.3205
-0.3270
-0.3462
-0.3871
-0.3893
-0.3985
-0.4363
-0.4212
-0.4019
-0.4352
-0.4443
-0.4315
-0.4197
-0.3690
-0.3190
-0.2878
-0.1822
0.0053
0.0984
0.0927
0.1208
0.1972
0.2332
0.1867
0.1267
0.1162
0.1279
0.1252
0.0863
0.0415
0.0610
0.0756
-0.0039
-0.0903
-0.0638
-0.0132
-0.0330
-0.0482
0.0124
0.1035
0.1742
0.2146
0.2359
0.2699
0.3065
0.3045
0.2591
0.2476
0.2656
0.2466
0.2015
0.1877
0.2198
0.2305
0.2035
0.1767
0.1879
0.1868
